# oST version 5.0 parameters


[image]

width
640

height
480

[narrow_stereo]

camera matrix
461.769825 0.000000 319.438855
0.000000 461.768448 239.584987
0.000000 0.000000 1.000000

distortion
-0.001071 0.001519 0.000081 -0.000011 0.000000

rectification
1.000000 0.000000 0.000000
0.000000 1.000000 0.000000
0.000000 0.000000 1.000000

projection
461.111359 0.000000 318.931507 0.000000
0.000000 460.836609 239.134176 0.000000
0.000000 0.000000 1.000000 0.000000
