# oST version 5.0 parameters


[image]

width
320

height
240

[narrow_stereo]

camera matrix
277.255751 0.000000 159.584619
0.000000 277.235721 119.475707
0.000000 0.000000 1.000000

distortion
-0.002539 0.006725 -0.000075 0.000173 0.000000

rectification
1.000000 0.000000 0.000000
0.000000 1.000000 0.000000
0.000000 0.000000 1.000000

projection
276.542938 0.000000 159.143541 0.000000
0.000000 276.274689 118.960255 0.000000
0.000000 0.000000 1.000000 0.000000
