%YAML:1.0
---
image_width: 640
image_height: 480
camera_name: narrow_stereo
K: !!opencv-matrix
  rows: 3
  cols: 3
  dt: d
  data: [461.76982,   0.     , 319.43886,
           0.     , 461.76845, 239.58499,
           0.     ,   0.     ,   1.     ]
distortion_model: plumb_bob
D: !!opencv-matrix
  rows: 1
  cols: 5
  dt: d
  data: [-0.001071, 0.001519, 0.000081, -0.000011, 0.000000]
rectification_matrix: !!opencv-matrix
  rows: 3
  cols: 3
  data: [1., 0., 0.,
         0., 1., 0.,
         0., 0., 1.]
projection_matrix: !!opencv-matrix
  rows: 3
  cols: 4
  data: [461.11136,   0.     , 318.93151,   0.     ,
           0.     , 460.83661, 239.13418,   0.     ,
           0.     ,   0.     ,   1.     ,   0.     ]
